154.377
139.478
154.763
154.656
158.742
155.409
152.937
149.142
150.688
150.889
161.757
141.977
151.941
173.96
157.597
149.211
157.864
145.267
158.622
142.769
158.926
150.113
149.837
157.594
143.155
135.888
138.441
139.937
167.603
137.579
151.862
148.493
144.311
156.641
151.507
156.848
155.646
143.012
140.286
143.729
170.865
157.332
139.385
150.83
148.754
140.485
159.156
144.834
120.991
142.355
152.788
146.073
133.852
136.747
138.949
140.73
143.527
154.241
151.96
141.368
140.903
155.196
140.659
157.911
155.572
153.472
134.241
144.466
134.377
149.975
145.867
154.224
138.823
133.143
156.72
155.58
128.429
145.909
151.622
137.964
164.113
144.829
138.966
141.22
155.51
130.834
155.206
171.144
141.323
151.459
157.925
153.578
168.911
141.25
154.64
146.54
150.79
141.54
166.069
142.28
